10
119 33
91 44
89 12
82 18
36 20
82 69
44 82
3 98
40 16
42 60
9 76
84 72
50 8
24 86
81 51
2 32
28 3
55 17
90 48
53 13
84 94
48 4
20 41
60 16
72 42
32 74
24 88
50 59
58 8
95 80
42 64
96 5
23 81
55 88
128 45
26 9
11 57
74 90
63 10
67 38
55 16
27 27
10 42
8 81
55 25
83 22
31 76
21 36
6 29
18 43
54 27
36 16
73 66
11 38
52 72
90 38
82 81
96 4
45 7
53 16
60 49
94 78
17 77
44 80
42 50
65 79
82 68
65 47
19 40
1 18
92 44
71 63
74 48
70 36
92 82
80 52
44 17
50 71
55 55
30 69
146 41
85 72
11 24
71 51
19 92
5 60
47 97
68 88
34 65
7 38
99 45
70 75
95 98
91 66
92 60
79 78
16 65
54 83
96 60
98 39
5 60
62 73
5 12
33 55
75 21
63 73
43 29
70 68
59 14
95 9
18 73
65 25
7 56
38 48
39 11
69 87
51 16
66 13
85 8
45 21
22 32
65 1
138 46
52 90
10 83
75 18
65 43
95 44
15 20
84 24
41 37
99 70
74 49
56 99
86 16
17 65
74 42
95 35
11 15
37 56
83 74
59 57
4 42
91 19
30 41
66 83
49 76
78 96
14 1
77 40
31 78
69 64
22 34
85 69
41 37
15 96
77 61
49 82
63 9
4 30
74 84
68 73
66 31
63 57
68 34
62 6
4 65
32 51
5 79
112 45
97 12
91 4
83 87
51 13
67 53
71 64
49 4
76 82
22 57
48 99
4 37
86 89
95 31
4 55
91 77
60 43
98 11
65 43
3 63
45 49
87 86
97 60
57 98
11 78
73 26
64 10
99 24
38 54
70 17
38 1
26 20
1 69
65 94
8 99
59 33
23 61
24 6
32 53
44 7
80 90
1 63
65 69
92 93
97 64
44 24
119 33
34 4
10 5
47 13
44 80
7 12
75 68
37 2
80 24
70 55
36 54
1 55
25 33
88 79
16 97
76 19
76 50
40 59
66 68
63 88
42 97
83 27
94 53
51 39
54 18
69 20
77 52
31 36
65 4
35 78
31 61
51 58
18 4
71 96
194 34
11 87
18 43
95 14
9 62
6 72
34 2
25 80
85 56
86 70
4 2
59 28
84 55
90 64
48 36
69 12
66 27
67 54
65 54
30 58
21 4
24 41
57 29
72 92
31 65
72 82
97 67
28 42
75 79
73 67
30 59
26 30
46 73
3 23
37 67
127 34
90 51
97 94
58 72
33 29
40 37
19 69
76 71
87 47
88 85
67 77
17 61
49 59
17 3
56 99
66 52
87 79
59 89
87 62
81 37
68 44
26 93
61 39
5 73
7 64
82 7
9 18
10 39
40 86
85 81
25 25
27 45
17 8
32 80
21 26
190 32
25 72
71 47
63 74
57 86
68 64
2 80
84 74
72 38
54 27
33 47
19 85
28 53
92 27
31 90
29 51
54 19
72 68
99 7
59 98
35 63
5 68
28 10
70 29
27 82
96 93
2 86
52 94
10 43
83 86
35 83
93 2
56 44
149 44
90 58
31 65
91 28
52 76
87 43
75 33
24 89
97 29
81 71
76 12
82 6
75 97
47 61
17 35
24 22
12 31
62 10
20 4
38 84
95 63
9 17
91 35
69 77
73 9
60 18
85 13
8 60
34 81
81 39
35 47
65 19
30 76
21 61
6 38
11 13
26 66
15 75
77 44
96 38
82 69
62 20
99 23
26 79
92 68
