5
356 78
32 44
59 79
32 46
98 91
73 82
56 61
42 96
68 41
71 42
76 61
94 79
76 79
6 73
61 56
26 96
80 12
34 5
96 63
66 93
53 5
61 99
68 70
43 14
48 49
27 21
69 37
92 35
98 82
40 13
50 34
78 77
11 87
56 97
43 86
24 90
59 35
14 67
50 67
1 87
58 88
13 31
21 26
37 94
68 19
29 4
50 36
3 44
12 98
61 57
98 76
51 48
29 67
23 97
79 50
39 77
21 32
95 26
40 99
50 25
78 14
43 95
23 25
13 94
18 82
45 83
86 17
80 91
15 80
67 71
65 52
8 9
3 28
16 71
55 19
61 63
83 32
77 88
57 59
101 60
40 98
18 81
47 9
83 12
69 41
65 25
5 73
23 85
28 77
6 25
57 18
32 31
32 15
92 4
94 51
82 78
36 9
58 68
28 96
11 38
95 34
93 35
90 99
72 25
70 53
49 65
48 81
80 11
95 24
74 22
48 61
95 55
72 39
17 36
30 35
60 6
14 15
73 46
40 59
52 33
61 6
89 50
47 86
22 14
15 26
20 44
20 95
4 35
37 72
9 3
25 7
6 49
5 58
70 47
98 87
6 48
56 34
88 27
4 30
42 28
262 58
34 73
81 6
18 42
14 48
70 25
43 53
1 90
42 2
92 30
63 24
73 42
61 65
63 12
25 8
53 17
66 37
70 6
49 74
61 87
40 43
50 43
66 42
55 80
22 8
67 58
34 43
5 25
92 70
48 76
22 49
76 72
74 57
64 24
41 54
91 90
33 49
17 88
76 81
51 38
43 22
87 29
9 56
55 43
69 51
7 98
69 33
26 54
20 90
35 70
16 26
81 71
94 8
14 38
5 14
73 52
28 18
7 29
39 88
234 60
24 30
9 63
26 46
82 30
12 36
28 93
70 22
49 62
63 51
10 45
73 63
10 9
95 18
10 68
78 81
27 22
2 89
92 13
53 26
43 83
17 98
30 26
73 24
36 82
51 61
13 91
2 53
96 78
5 96
24 10
3 61
63 85
91 95
98 74
23 24
64 31
98 77
96 94
33 66
94 52
59 36
38 63
73 9
93 90
12 63
16 31
83 21
67 58
41 88
13 13
62 35
32 57
52 87
72 19
73 32
95 75
58 84
43 93
20 5
64 87
274 74
46 41
8 27
25 10
71 48
40 15
34 95
25 92
86 61
82 15
93 17
66 33
34 55
69 59
83 40
28 18
80 76
18 1
41 92
77 82
70 74
38 74
47 10
11 90
27 17
17 87
31 6
80 41
71 3
64 35
19 62
96 90
9 99
13 17
73 44
32 40
30 37
20 5
3 41
30 30
39 46
11 54
65 47
20 77
61 67
39 20
92 87
3 36
69 56
38 23
28 94
46 20
23 92
89 71
74 64
66 68
86 81
97 44
45 53
87 32
30 31
45 81
8 72
80 84
49 1
77 82
55 21
33 4
51 4
11 33
83 41
28 43
27 11
38 57
65 56