5
466 89
63 60
9 23
79 58
68 47
99 46
34 9
27 18
76 42
16 70
61 6
26 38
20 83
79 74
64 92
71 62
27 9
78 95
4 53
38 26
17 57
4 50
94 16
64 40
42 66
48 40
89 5
22 66
61 65
89 56
21 92
51 89
46 70
29 35
73 88
41 60
4 55
88 75
23 31
64 79
45 42
68 61
43 93
42 77
60 32
7 82
41 14
28 60
80 6
41 58
71 41
66 91
57 63
40 25
55 26
85 30
74 11
35 17
12 37
96 18
13 30
13 87
72 9
92 59
24 77
86 27
82 63
25 55
3 39
2 94
10 74
1 9
52 53
31 48
9 70
63 30
41 72
80 15
88 11
37 63
85 28
15 56
59 4
60 16
33 76
77 50
7 54
40 40
39 6
7 15
455 89
8 46
97 24
91 64
11 26
81 32
59 74
37 17
3 5
8 50
52 52
84 27
20 18
58 20
25 88
12 26
25 19
58 12
95 45
26 31
24 5
27 84
45 29
93 39
57 16
51 33
49 87
10 21
83 88
37 89
24 77
85 52
78 92
1 16
76 31
37 69
68 59
51 13
51 3
98 63
98 75
81 89
48 61
21 65
64 61
4 51
12 80
87 30
98 14
96 86
99 19
3 39
49 53
92 47
81 18
71 31
84 29
21 17
62 21
56 73
40 76
39 2
20 11
58 30
15 44
64 94
3 39
56 44
80 28
74 37
74 74
8 62
91 99
15 68
11 84
14 86
20 59
14 9
17 71
77 40
83 93
56 37
90 83
13 4
81 84
72 60
45 50
21 67
59 78
74 22
458 89
92 73
64 24
39 88
66 23
98 77
65 36
86 55
54 48
70 41
6 68
11 41
94 10
34 31
13 24
80 66
19 40
83 34
42 78
64 52
25 99
56 46
3 22
64 48
14 68
83 97
56 75
97 71
76 71
93 10
98 74
98 93
35 5
24 65
31 99
84 54
33 55
23 54
51 46
97 36
86 59
94 68
82 13
86 7
26 86
86 63
84 39
96 7
43 95
21 56
37 70
66 90
26 30
51 4
40 16
57 29
44 73
15 76
16 31
47 13
8 56
62 87
23 8
52 53
49 32
10 24
47 5
5 97
86 94
97 72
18 73
20 85
7 54
27 46
88 10
28 86
73 96
50 92
67 32
60 18
55 36
30 47
94 73
64 77
57 20
62 77
29 36
36 46
21 39
21 89
477 87
32 33
83 75
15 98
84 5
52 78
35 91
70 79
54 2
54 23
68 25
94 49
35 24
99 39
87 15
48 28
66 35
9 85
82 71
43 98
59 11
69 24
76 41
10 38
9 81
23 13
40 9
51 94
24 77
88 26
3 2
38 21
70 9
84 21
56 97
6 77
92 67
73 46
49 58
47 52
82 15
37 32
22 85
26 28
60 26
72 16
36 93
4 36
24 78
8 62
46 28
75 5
80 79
64 86
39 92
40 26
74 94
55 21
75 17
64 20
81 91
84 18
48 81
40 8
56 59
45 9
19 26
97 28
95 80
21 57
33 46
80 78
51 97
42 18
65 66
45 55
95 41
10 59
98 68
91 10
91 49
10 57
23 55
7 30
43 70
51 36
56 82
96 35
464 88
6 51
54 74
68 61
43 15
85 80
20 74
28 6
64 55
85 41
39 46
69 25
51 13
41 57
89 76
59 68
99 69
47 31
72 37
64 21
10 87
13 85
21 78
1 25
27 64
42 9
22 49
16 9
26 5
57 30
94 89
40 92
13 41
96 96
70 94
49 32
28 24
52 31
16 32
9 5
80 73
66 63
82 56
20 45
15 53
38 79
50 22
70 66
12 51
60 99
4 91
57 34
74 8
14 8
89 29
37 96
40 93
35 48
7 12
66 67
47 87
20 4
62 10
44 47
34 83
55 29
87 71
36 67
41 65
7 11
85 44
80 85
41 2
60 98
54 50
44 17
40 67
8 1
53 21
68 87
98 9
84 61
92 43
54 48
49 57
45 86
32 60
51 67
86 74